222
255
153
187
106
104
410
321
250
408
4
211
405
179
315
262
195
198
312
139
57
219
85
160
202
77
320
330
328
182
237
65
286
213
221
188
103
403
109
303
288
111
218
308
60
128
359
62
294
135
127
130
305
6
239
295
333
272
185
260
302
325
324
273
98
283
336
74
282
252
204
216
194
112
241
236
346
264
122
238
96
397
291
343
234
193
319
158
80
256
309
191
152
259
172
296
154
210
68
289
384
214
304
356
254
277
274
404
268
64
157
334
144
92
121
271
129
207
212
7
78
267
313
345
396
360
409
258
244
177
287
97
180
355
71
110
341
148
184
411
314
93
81
175
278
186
108
276
281
323
86
208
307
380
392
290
72
105
59
383
161
197
149
351
395
5
3
95
402
390
358
141
69
100
249
340
318
117
401
156
67
350
118
394
170
101
89
83
301
58
99
388
362
189
155
347
317
159
386
66
143
322
379
269
265
115
326
342
349
263
209
300
398
215
331
257
178
357
243
353
131
145
266
91
196
240
311
82
391
123
203
190
206
389
173
201
251
88
140
79
90
2
151
205
133
181
132
400
126
102
348
297
298
329
399
381
332
171
261
107
407
327
280
147
87
393
75
412
114
199
299
415
385
63
94
113
337
125
382
352
116
270
223
361
124
306
354
285
200
235
310
70
248
338
293
61
242
335
183
146
174
119
150
279
136
142
253
245
176
316
217
220
76
120
246
284
339
292
387
192
275
73
344
406
84
134
