293
1725
1463
1619
334
1220
881
797
2607
1091
642
67
297
676
33
862
1703
930
1005
1365
1539
1902
2352
106
1222
1601
656
610
1412
1689
1883
487
989
2235
2244
209
1438
2267
2252
1014
2460
2395
1368
214
2191
1038
1714
2119
141
740
1374
699
616
2533
898
704
403
147
1624
2457
70
2314
2313
120
2214
427
1477
1937
1599
817
2604
536
1693
1048
816
253
696
1018
686
1803
903
1493
153
219
2459
155
424
1892
2650
968
2258
556
2479
319
638
842
2280
2302
1525
595
2411
1089
302
1729
544
682
680
89
906
1343
1436
981
1662
199
845
1312
4
2329
2503
639
1259
809
1024
794
1452
274
714
1387
330
296
49
2462
1347
193
863
1301
1073
2124
858
1068
2393
1074
879
227
349
127
1476
205
2212
1362
747
121
284
1166
478
1396
2108
264
1644
1509
2506
1229
1315
1810
1169
1219
256
573
1821
1958
2618
1940
555
1497
1774
1206
2256
306
470
1565
1352
233
908
2536
1383
354
1837
218
1029
1832
2619
2496
567
1826
1556
1358
1674
1036
1264
132
2579
1400
229
2519
1148
54
2416
129
1308
2342
654
602
310
503
2335
2588
910
1685
1425
16
1584
480
726
582
1039
123
1103
2594
1970
145
2305
1855
158
1097
216
1216
412
2402
2624
1000
559
1175
1540
1520
1433
561
2635
2539
378
1994
1538
405
1663
779
2306
653
468
1524
1990
1519
2529
1470
1290
442
449
801
517
118
2218
2219
2292
1650
351
2330
2499
2409
1532
2336
630
1566
1075
721
1071
135
1130
34
1019
1334
1762
1631
314
1751
1944
422
197
718
1673
859
2233
328
1159
1801
1010
57
901
1909
307
1418
425
1382
2272
2348
167
1741
2385
1858
558
1596
1081
203
1913
21
476
2406
2311
2274
975
860
398
1144
501
2359
1338
342
361
1233
618
1487
2345
6
783
522
2628
1732
635
1991
1688
1031
1158
966
2596
1007
2264
891
136
1981
2532
1851
99
489
1047
1570
2400
640
1578
2317
1920
1653
1403
1171
1950
1248
840
727
1697
1062
1440
539
2643
2322
1946
220
1129
2595
343
791
2466
485
1240
2524
510
2282
631
1884
1370
415
238
1133
76
1692
