29
829
2318
2220
1900
864
2480
2265
380
2527
45
1569
847
694
1872
1841
1755
2508
1082
1357
1363
260
1623
895
1286
1789
644
1770
1878
2361
356
243
17
953
671
1957
2589
317
1050
338
2315
453
404
1494
268
2600
409
2427
869
890
1468
1794
51
1976
1904
1769
2660
937
2
1303
2195
355
431
1560
148
1880
430
1746
1963
2373
788
265
2231
483
754
215
907
2464
516
596
1586
1083
2223
1531
14
1188
612
1912
972
1429
2541
1146
2238
2516
1719
1766
1354
1101
1444
1328
1115
984
1544
44
2217
971
43
282
40
607
58
1455
2368
782
1252
1647
736
674
1260
1106
413
125
1802
2323
1562
407
2597
1239
678
1602
987
363
944
345
587
194
1914
1616
2268
107
313
2636
637
999
1214
74
2547
1974
188
466
1756
929
1197
494
2271
2417
703
914
1582
1479
1023
535
1997
124
1017
2263
452
460
27
1664
391
151
1597
679
1284
309
1530
923
2257
1404
548
2350
1090
2649
1823
580
823
2585
826
1251
249
1503
2647
1998
2251
963
2576
1120
1614
1502
213
454
1864
2222
1500
73
2501
854
241
711
990
94
566
1618
1993
1501
381
887
1049
2493
997
2356
844
2249
207
498
1195
31
1093
1230
1808
272
757
1996
230
1257
1100
1718
156
1745
2248
1185
828
159
1250
139
905
2443
806
899
1282
1550
1589
2371
1682
627
1868
1591
732
725
177
2494
1281
592
101
780
104
2615
108
1580
1767
2207
2262
1407
1660
1061
375
586
996
1898
2507
969
2376
242
95
359
1529
2609
581
285
1611
1087
304
688
2498
1079
2394
1564
521
1269
1064
2127
1835
1754
1411
369
116
24
41
490
2286
1814
388
570
776
81
621
1015
71
2657
185
1360
1390
2126
1606
1391
111
336
1905
1559
2491
1179
2522
551
1971
500
749
1749
2123
1545
98
88
2362
2232
712
2578
109
787
1078
751
8
1743
1461
1474
2612
2197
46
428
807
525
1575
2621
142
1451
1612
948
421
1740
590
458
1095
1126
1231
1893
2246
1695
248
1221
2401
1791
1467
695
1551
92
250
1227
2375
1088
893
393
1027
2625
1979
1989
2550
1247
1598
1217
163
1723
