333
315
1807
371
2469
959
1652
1488
1366
15
1377
1526
2290
2260
1942
2410
2273
2495
2298
1827
2505
337
2240
226
1202
738
358
204
1806
1684
2332
952
649
1102
174
2514
871
511
254
23
796
2216
692
96
25
508
1709
1327
1020
1574
457
982
1193
506
2230
713
55
2642
744
150
1625
72
295
1613
512
445
1162
832
432
541
217
2413
1699
184
1435
579
1521
1238
1911
402
1472
1066
942
1414
1510
1167
2484
1852
1604
1790
1122
1877
774
429
833
2245
1522
896
1466
2346
2610
2281
273
77
1211
79
603
1713
600
1839
164
1824
689
418
574
1537
2259
1226
12
706
1322
1277
1860
1457
1495
2354
1201
1373
39
400
2227
988
497
436
1065
2110
778
824
1107
367
1742
1446
1707
1760
1212
1350
1952
2367
1687
461
793
789
1983
1987
1300
30
300
1293
294
1698
1225
1395
1651
168
1960
756
629
1896
59
882
1278
2360
2308
846
488
1777
2239
2275
1716
1811
2526
1329
1033
463
1307
2347
1262
956
916
2241
608
1124
143
1739
1351
1453
1992
2333
484
628
1299
1305
795
2455
2378
1376
1798
444
1793
379
1918
2601
291
1346
2525
1386
1763
835
632
737
976
1249
2397
1069
1484
543
877
1437
813
1401
920
1114
1058
668
515
1891
2284
667
360
410
383
1242
1415
277
455
994
2474
1119
1929
2540
244
1449
571
2513
2296
1517
2224
1053
292
693
697
2229
831
66
1009
2468
2379
1812
1541
662
1344
1143
325
691
1265
1694
645
1588
1237
1579
1506
1096
1389
1778
1700
1669
1342
1099
1032
730
239
162
892
1431
2538
636
459
1747
799
945
1528
435
1234
2309
2399
670
1184
633
119
884
1011
1941
530
771
117
886
1105
1156
1507
825
1450
985
2405
224
1609
1775
1060
1498
1442
1426
873
1787
1245
1784
1480
149
335
752
1825
255
2294
700
962
348
1919
755
1275
1567
1324
231
2357
1348
69
165
65
1417
954
1288
1283
2307
2444
617
13
2641
866
527
1408
2428
1758
1138
2312
993
372
2370
53
852
1592
1326
664
1067
856
1934
1581
775
655
1332
1862
685
565
542
1371
280
37
1833
1642
2276
1183
105
663
924
