1879
1965
1205
1335
1444
1705
1923
1101
1168
1621
1467
1438
1877
1754
1248
1477
1756
1941
1970
1944
1496
1933
1826
1117
1242
1262
1776
1425
1180
1297
1125
1607
1967
1623
1145
1326
1735
1241
1820
1829
1360
1166
1333
1234
1696
1787
1328
1929
1158
1165
1376
1204
1831
1255
1400
1698
1862
1116
1148
1107
1238
1744
1334
1715
1122
1329
1416
1694
1470
1126
1700
1460
1717
1827
1348
1494
1436
1432
1209
1886
1716
1721
1223
1207
1257
1960
1187
1247
1103
1894
1885
1147
1351
1815
1437
1395
1357
1324
1104
1112
1418
1731
1310
1728
1491
1868
1422
1890
1453
1435
1455
1723
1748
1427
1624
1971
1347
1142
1288
1740
1141
1356
1160
1109
1399
1232
1157
1186
1179
1199
1977
1851
1266
1474
1892
1420
1139
1368
1098
1955
1966
1289
1913
1111
1174
1118
1770
1403
1113
1837
1753
1757
1246
1134
1300
1325
1093
1439
1733
1789
1350
1446
1423
1924
1714
1426
1370
1140
1381
1263
1724
1424
1330
1459
1184
1456
1144
1978
1821
1115
1907
1123
1773
1750
1481
1259
1618
1296
1225
1865
1625
1269
1830
1891
1695
1953
1823
1392
1457
1867
1129
1803
1492
1857
1611
1934
1267
1954
1110
1840
1338
1369
1824
1185
1240
1270
1373
1200
1702
1431
1825
1861
1489
1413
1964
1282
1332
1487
1930
1233
1337
1243
1190
1224
1777
1462
1352
1454
1939
1804
1367
1730
1968
1908
1975
1151
1737
1919
1476
1099
1449
1931
1606
1822
1758
1244
1461
1745
1264
1480
1127
1935
1121
1137
1910
1880
1393
1802
1309
1839
1377
1732
1172
1866
1307
1440
1306
1408
1816
1928
1298
1922
1378
1706
1926
1711
1167
1358
1276
1855
1451
1751
1388
1465
1260
1304
1191
1213
1807
1464
1969
1372
1230
1863
1765
1349
1222
1331
1959
1294
1448
1703
1132
1849
1884
1340
1410
1128
1256
1261
1150
1336
1389
1869
1156
1909
1905
1874
1901
1729
1188
1162
1699
1458
1120
1925
1402
1146
1193
1253
1208
1215
1844
1173
1182
1219
1293
1284
1946
1277
1447
1366
1864
1433
1958
1734
1442
1290
1809
1201
1485
1962
1974
1094
1843
1355
1720
1774
1743
1405
1164
1450
1819
1888
1362
1947
1943
1927
1322
1407
1226
1394
1414
1245
1361
1124
1153
1327
1746
1689
1189
1273
1250
1114
1488
1397
1183
1912
1842
1390
