1659
352
723
2575
301
1535
1398
1634
2287
201
698
2398
1273
365
1922
479
237
1555
1733
812
1021
1462
734
1534
1151
311
1098
973
377
750
362
2386
1270
731
1649
1045
1134
865
1936
1207
1168
1897
720
1895
1985
2535
2277
1554
657
481
2351
690
1271
353
609
1561
469
1164
1340
613
1557
1764
305
2261
1140
868
2648
1191
281
2627
1316
20
1161
1241
2477
810
913
1080
1111
1926
10
1232
2592
2237
716
97
1339
1702
777
728
190
60
1361
1341
1244
1085
395
131
1875
2472
822
811
486
2586
344
2340
790
1518
1192
1147
1568
1057
598
262
1969
701
2530
1967
128
1393
1595
472
152
2115
271
259
1771
2463
1349
1141
1420
1496
1261
925
2109
1816
90
1681
93
1482
843
1331
1456
166
50
246
211
853
735
625
935
938
880
1369
1748
1320
1988
1781
1336
939
526
2391
1117
591
2255
1180
1779
169
1165
1546
818
1392
709
2194
1255
575
251
967
2482
1645
1639
1040
1235
677
531
684
1658
2415
687
588
465
225
2593
1661
2320
861
2515
2339
263
2253
1853
258
1333
2583
1873
298
1388
1667
408
1441
456
2221
849
572
781
652
919
1445
1337
2445
2279
773
1828
897
1310
1464
1712
1268
68
1483
2581
1943
1857
2390
1593
785
2549
80
1424
1176
1409
1046
2656
1720
1194
707
392
1600
1727
2408
848
742
2254
1874
1385
208
1034
26
2651
957
2278
1921
2269
161
2120
1267
909
2603
563
1356
745
1548
186
2591
374
406
1633
2552
661
1594
1636
960
64
550
533
2383
1178
2193
1527
1605
221
198
2577
1123
1056
1309
2344
234
2270
520
507
532
1881
1854
658
2403
841
1796
553
1486
928
438
666
321
1258
113
821
56
82
1423
546
1890
1459
1691
1641
1072
946
1384
611
22
1177
28
1977
1335
1448
1894
719
1961
2447
1786
423
941
2392
2301
178
1590
