1902
1206
1133
1471
1383
1834
1249
1105
1375
1718
1463
1396
1406
1771
1417
1382
1915
1363
1936
1445
1299
1452
1235
1828
1875
1321
1893
1475
1138
1359
1320
1761
1755
1876
1136
1712
1692
1391
1904
1798
1469
1853
1763
1279
1848
1401
1726
1493
1220
1218
1622
1805
1228
1768
1752
1911
1303
1710
1419
1364
1371
1203
1236
1415
1272
1305
1210
1775
1119
1478
1221
1202
1106
1135
1604
1759
1319
1258
1130
1374
1766
1171
1484
1252
1163
1398
1473
1832
1690
1873
1918
1620
1302
1216
1838
1921
1739
1762
1100
1178
1942
1441
1483
1411
1192
1895
1482
1265
1889
1742
1254
1850
1404
1872
1818
1479
1617
1619
1339
1149
1841
1409
1898
1108
1287
1727
1896
1268
1764
1882
1466
1312
1237
1914
1495
1217
1860
1899
1229
1945
1311
1280
1961
1301
1760
1490
1769
1741
1283
1736
1738
1897
1231
1315
1701
1353
1169
1274
1214
1285
1613
1859
1767
1887
1380
1903
1354
1097
1212
1443
1295
1197
1856
1697
1421
1932
1749
1707
1239
1271
1196
1292
1817
1833
1211
1472
1940
1693
1468
1881
1379
1143
1858
1722
1323
1938
1713
1691
1281
1161
1278
1194
1227
1131
1365
1854
1608
1486
1937
1708
1286
1251
1920
1883
1195
1906
1788
1799
1963
1384
1704
1976
1181
1772
1434
1806
1102
1198
1159
1412
1291
1170
1314
1308
1725
1709
1719
1275
