1 0 0 0 0 0 0 1 0 0 1 0 1 4
1 1 1 1 1 1 1 1 1 1 1 1 1 13
1 0 0 0 0 0 0 1 0 0 1 0 1 4
1 0 0 0 0 0 0 1 0 0 1 0 1 4
0 0 0 0 0 0 0 1 0 0 0 0 0 1
1 0 0 0 0 0 0 1 0 0 1 0 1 4
1 0 0 0 0 0 0 1 0 0 1 0 1 4
0 0 0 0 0 0 0 1 0 0 0 0 0 1
1 0 0 0 0 0 0 1 0 0 1 0 1 4
0 0 0 0 0 0 0 1 0 0 0 0 0 1
0 0 0 0 0 0 0 1 0 0 0 0 0 1
1 1 1 1 1 1 1 1 1 1 1 1 1 13
0 0 0 0 0 0 0 1 0 0 0 0 0 1
0 0 0 0 0 0 1 0 0 0 0 0 0 1
0 0 0 0 0 0 1 0 0 0 0 0 0 1
0 0 0 0 0 0 1 0 0 0 0 0 0 1
0 0 0 0 0 0 1 0 0 0 0 0 0 1
0 0 0 0 0 0 1 0 0 0 0 0 0 1
0 0 0 0 0 0 1 0 0 0 0 0 0 1
0 0 0 0 0 0 1 0 0 0 0 0 0 1
0 0 0 0 0 0 1 0 0 0 0 0 0 1
1 0 0 0 0 0 0 1 0 0 1 0 1 4
1 0 0 0 0 0 0 1 0 0 0 0 1 3
0 0 0 0 0 0 0 1 0 0 0 0 0 1
1 0 0 0 0 0 0 1 0 0 1 0 1 4
0 0 0 0 0 0 1 0 0 0 0 0 0 1
0 0 0 0 0 0 1 0 0 0 0 0 0 1
0 0 0 0 0 0 1 0 0 0 0 0 0 1
0 0 1 1 1 1 1 0 0 1 1 1 0 8
0 0 0 0 0 0 1 0 0 0 0 0 0 1
1 0 0 0 0 0 0 1 0 0 1 0 1 4
1 0 0 0 0 0 0 1 0 0 1 0 1 4
13 2 3 3 3 3 15 19 2 3 13 3 13 0
