0 0 1 1 1 1 1 0 0 1 1 1 0 8
0 0 0 0 0 0 0 0 0 0 0 0 0 0
0 0 1 1 1 1 1 0 0 1 1 1 0 8
0 0 1 1 1 1 1 0 0 1 1 1 0 8
1 1 1 1 1 1 1 1 1 1 1 1 1 13
0 0 1 1 1 1 1 0 0 1 1 1 0 8
0 0 1 1 1 1 1 0 0 1 1 1 0 8
0 0 0 0 0 0 0 1 0 0 0 1 0 2
0 0 1 1 1 1 1 0 0 1 1 1 0 8
0 0 0 0 0 0 0 1 0 0 0 1 0 2
1 1 1 1 1 1 1 1 1 1 1 1 1 13
0 0 0 0 0 0 0 0 0 0 0 0 0 0
1 1 1 1 1 1 1 1 1 1 1 1 1 13
0 1 1 1 1 1 1 1 0 1 1 1 1 11
0 0 1 1 1 1 1 0 0 1 1 1 0 8
0 0 1 1 1 1 1 0 0 1 1 1 0 8
0 0 1 1 1 1 1 0 0 1 1 1 0 8
0 1 1 1 1 1 1 1 0 1 1 1 1 11
0 0 1 1 1 1 1 0 0 1 1 1 0 8
0 0 1 1 1 1 1 0 0 1 1 1 0 8
0 0 1 1 1 1 1 0 0 1 1 1 0 8
0 0 1 1 1 1 1 0 0 1 1 1 0 8
1 0 1 1 1 1 1 0 1 1 1 1 0 10
0 0 0 0 0 0 0 1 0 0 0 1 0 2
0 0 1 1 1 1 1 0 0 1 1 1 0 8
0 0 1 1 1 1 1 0 0 1 1 1 0 8
0 1 1 1 1 1 1 1 0 1 1 1 1 11
0 0 1 1 1 1 1 0 0 1 1 1 0 8
0 0 0 0 0 0 0 0 0 0 0 0 0 0
0 0 1 1 1 1 1 0 0 1 1 1 0 8
0 0 1 1 1 1 1 0 0 1 1 1 0 8
0 0 1 1 1 1 1 0 0 1 1 1 0 8
4 6 26 26 26 26 26 9 4 26 26 29 6 0
