1225
1054
818
1083
1187
702
726
1105
1042
1410
1306
159
1196
1372
800
610
1164
1123
689
825
1208
1328
867
690
815
1343
531
1398
1311
801
1191
1371
1109
780
784
733
709
1202
1205
1396
1128
1087
1323
1298
846
1165
1315
1302
1090
1137
1053
1049
1138
1184
1100
5
1076
830
1159
1175
1041
826
1179
1068
1347
1236
1078
1342
1217
1340
1069
1215
797
1334
1224
699
791
1122
1051
1401
1362
685
1374
1375
1183
786
839
868
717
778
838
1272
1238
711
813
1163
1132
1124
1257
1373
1356
1319
1084
799
1160
1300
153
1204
1220
816
1294
1317
827
1303
1377
1397
1351
1172
695
529
1364
849
776
3
865
1039
852
1376
1388
1201
1171
1336
