11
1085
697
1102
1241
1240
1153
1040
1309
1229
1139
1089
1173
779
1198
1104
1295
1136
775
1077
1242
1121
1108
810
1088
785
1409
1126
716
1063
895
586
729
612
1057
1170
772
1072
1227
1158
1152
1320
1314
1181
1335
1313
1032
1226
1185
1195
736
698
2
735
734
1213
703
1067
1367
1194
713
1339
1197
1271
688
853
794
1301
1282
1033
1394
1210
812
828
864
730
811
1259
1359
802
1219
1141
1117
1145
1106
1246
1337
1203
1268
1167
793
783
1386
706
1081
721
1214
1143
1243
1405
1235
155
1249
1360
1058
1369
1154
1345
1107
1091
845
10
588
1045
587
788
1318
1200
152
1255
1297
823
1095
819
1333
1389
727
1086
1112
8
704
158
1043
1094
628
4
1073
1248
691
781
724
1036
1223
844
1222
1247
1341
1092
841
1065
773
1056
624
731
1103
1338
822
1101
1237
1274
6
1358
611
728
1166
1353
1346
1147
1050
782
1231
585
1275
1079
1070
1035
1269
1218
1129
836
1413
723
1178
1125
1322
686
897
1400
1161
1265
1310
609
700
712
693
684
1055
1097
9
1189
722
1209
156
1258
1192
1064
834
1046
754
824
1111
848
1329
854
710
1119
1038
1037
1150
1098
1151
1140
1221
1412
1270
1174
1134
592
837
1390
1130
774
1131
1066
796
1332
851
1354
896
1059
1061
792
1116
1234
1186
1157
1190
1144
1188
947
1031
753
718
1370
1357
590
787
1382
725
1169
1349
692
1230
866
1267
1305
12
694
870
1383
1060
869
1149
1308
1044
1211
1080
1384
719
1133
589
820
1096
732
1156
1099
1115
627
817
798
1047
814
1281
1245
591
1228
1233
1365
1193
850
625
1316
1052
1260
1350
696
1361
1321
160
1262
1368
1264
1177
1113
1344
821
1232
1256
1148
1378
1266
833
1395
1206
1380
530
777
1146
1381
831
1263
1118
790
1180
1393
687
705
1071
1299
715
7
1114
1385
1391
1074
1127
832
1199
829
1048
1155
707
1363
1399
1216
789
1327
1348
1379
1307
1304
1168
795
1261
1162
1325
842
708
701
1239
1366
1082
1296
898
1182
1212
714
1244
946
1034
1273
1110
1062
835
720
1075
840
1093
1326
1207
1387
1355
1142
771
843
847
1352
1324
1176
626
